61
59
60
55
58
57
63
59
57
59
60
58
61
60
61
57
60
65
59
62
59
59
60
61
59
58
57
58
63
58
60
58
60
61
60
60
60
62
61
63
62
61
61
59
60
56
61
63
59
57
59
59
56
59
56
58
57
60
62
57
64
59
60
58
64
60
60
59
62
61
64
60
61
59
58
62
59
60
62
60
61
59
57
56
61
62
52
60
61
60
62
59
58
62
57
60
58
64
59
58
59
60
58
58
61
61
58
59
59
60
58
60
61
60
61
56
59
57
58
61
60
61
63
60
58
60
60
59
59
58
61
57
63
58
63
58
57
58
60
59
59
62
59
57
59
60
60
61
61
56
57
58
63
58
58
60
62
60
58
58
60
58
59
55
59
63
61
57
58
60
62
60
61
56
58
60
59
59
61
64
60
57
60
61
58
58
58
59
63
61
61
60
60
61
62
59
60
59
60
62
58
62
59
58
58
61
60
61
59
62
59
59
59
61
60
61
58
60
62
59
58
61
58
60
58
62
59
61
61
58
58
62
60
61
55
59
55
60
59
60
57
58
62
61
62
59
57
60
63
59
57
60
57
59
56
60
60
60
58
60
59
59
63
64
61
57
61
63
58
60
60
61
61
58
59
60
58
56
62
59
61
62
57
60
64
56
58
60
57
58
58
63
58
59
63
60
59
57
59
59
60
63
58
60
65
58
59
57
60
58
60
61
59
61
60
59
61
61
60
59
59
61
62
56
60
61
59
60
60
59
57
59
61
60
61
57
57
61
61
61
61
60
61
62
63
55
61
58
62
58
60
59
60
60
64
60
60
58
61
59
56
57
61
56
56
61
55
56
60
58
58
59
59
61
61
60
63
60
58
59
60
63
61
61
62
61
63
59
61
61
61
60
59
57
61
64
56
59
58
56
58
58
57
64
60
56
63
60
56
56
63
59
61
57
58
59
61
61
57
60
71
65
57
68
66
60
65
69
66
67
67
71
74
69
64
64
65
70
60
71
71
60
67
72
63
65
66
71
72
70
69
60
64
69
69
59
70
68
66
63
66
69
67
73
65
68
67
62
63
69
66
68
66
68
72
65
63
66
65
69
68
64
72
70
69
64
65
62
64
64
67
65
64
67
73
72
70
66
70
62
62
69
67
59
68
71
67
66
65
64
69
66
73
70
65
66
61
67
63
70
68
69
69
67
62
64
66
61
69
65
65
65
65
74
72
64
72
62
59
67
66
70
60
70
64
65
66
66
66
62
63
67
67
62
62
66
61
72
64
70
65
64
70
69
67
66
65
70
64
65
62
71
63
68
62
62
64
70
73
69
69
66
66
66
66
68
68
71
68
68
70
66
65
70
61
70
62
66
63
67
67
61
69
63
67
65
71
71
67
69
70
72
68
64
64
68
67
63
74
68
67
69
66
73
67
65
70
68
66
67
62
64
69
71
71
64
68
61
65
71
66
61
61
63
69
69
69
64
71
71
67
64
68
71
62
69
67
67
67
65
61
60
72
68
63
66
63
65
57
72
68
63
70
66
64
69
66
67
58
60
60
74
63
55
60
67
63
62
71
71
67
59
69
67
66
72
65
66
66
63
73
66
68
68
66
64
67
71
70
70
74
67
61
67
68
66
73
65
68
68
63
73
66
64
68
63
71
71
68
62
64
63
69
66
65
63
68
66
67
72
61
68
69
65
69
57
71
71
69
68
65
67
72
65
65
65
60
66
67
70
63
65
66
64
70
60
67
62
69
65
62
70
66
63
68
63
67
70
64
70
67
61
65
65
72
69
61
64
65
65
70
66
66
64
69
71
69
74
63
75
60
67
65
70
69
63
68
64
65
73
73
66
64
67
67
64
67
66
68
62
67
67
68
71
68
67
65
71
65
71
65
66
69
65
65
64
68
65
65
64
65
68
59
68
64
61
61
64
68
71
75
63
70
64
67
70
69
61
66
63
64
69
68
68
61
61
67
68
68
59
75
67
74
64
58
72
61
64
71
66
63
69
70
61
69
64
62
69
68
68
62
68
70
65
67
68
64
68
67
62
70
67
69
69
69
67
71
62
70
68
61
70
68
60
62
65
69
68
63
69
72
68
70
68
65
69
72
69
65
64
69
69
65
68
64
65
65
65
59
65
70
66
65
60
69
66
71
69
71
64
68
72
60
70
63
63
62
70
65
62
70
67
70
67
66
65
67
71
64
64
69
73
72
62
65
67
60
68
65
63
70
69
66
64
64
71
63
70
66
66
69
68
66
67
65
67
67
68
65
71
71
66
61
63
66
71
66
65
66
65
63
63
68
67
65
65
71
67
70
65
71
62
72
62
68
58
65
64
64
66
64
63
65
71
66
64
61
66
65
59
68
73
73
67
60
70
70
61
72
72
66
62
66
69
69
71
64
64
62
67
68
59
69
64
62
67
58
67
68
67
69
67
68
69
63
64
70
66
67
65
75
80
88
93
99
105
106
106
104
102
102
106
106
104
107
107
105
106
102
105
104
103
106
106
105
106
103
103
102
105
106
105
105
104
102
103
105
104
107
104
104
105
106
105
104
105
105
106
103
103
105
106
104
107
106
104
104
105
107
102
105
104
102
105
106
108
101
106
105
103
105
106
107
105
104
104
106
104
105
105
105
104
103
106
106
106
104
104
104
104
103
104
104
104
107
108
103
103
104
104
104
106
104
103
103
109
107
105
102
99
97
93
89
87
82
80
77
73
71
67
65
61
68
64
60
72
62
65
60
63
64
69
71
66
63
61
59
66
67
63
61
68
60
66
64
65
59
65
68
66
59
62
64
67
63
65
69
66
68
67
71
67
68
65
62
63
61
69
66
60
64
63
65
60
63
65
68
68
65
67
70
63
71
63
60
61
66
67
62
63
65
61
64
63
68
64
58
68
57
63
66
59
63
64
64
61
67
65
71
68
66
65
63
62
65
63
65
66
62
64
70
61
67
65
63
66
65
63
61
63
63
64
65
70
59
67
63
73
69
58
66
63
57
69
67
65
65
60
68
61
66
64
66
63
57
66
68
60
65
67
64
63
64
63
62
72
65
67
64
66
66
71
58
69
71
68
63
69
61
65
63
67
68
58
62
65
61
64
68
66
66
61
61
65
64
67
70
66
66
64
60
58
62
59
57
58
62
60
60
60
62
61
64
59
62
60
61
60
59
58
58
61
61
59
56
60
60
62
56
62
61
61
59
63
60
59
60
59
60
59
55
60
57
58
62
59
58
59
61
60
61
58
61
62
60
60
58
62
57
61
52 109