60
57
60
61
56
62
57
59
61
59
57
61
60
58
60
58
57
61
62
57
60
59
58
61
58
57
56
62
57
66
59
60
60
59
59
59
62
61
57
59
61
59
64
60
61
59
61
61
62
60
60
58
59
61
57
56
62
59
60
61
59
58
59
61
59
63
62
58
61
60
60
61
62
61
64
59
61
60
61
61
60
57
61
59
60
59
63
60
61
60
60
57
58
60
58
60
59
60
62
59
58
60
60
62
59
56
61
59
62
60
58
61
59
60
62
57
60
56
55
60
62
62
61
59
59
62
59
56
62
59
58
58
63
62
61
59
62
58
63
62
57
61
59
60
62
60
62
62
59
61
61
56
61
59
59
61
58
58
57
57
61
63
60
60
59
59
59
59
57
61
63
62
60
61
59
61
58
63
59
61
57
60
58
56
63
57
58
57
60
61
57
60
59
60
61
58
58
61
59
60
59
56
55
60
59
57
59
59
59
59
62
61
58
58
59
60
58
60
60
61
61
59
61
59
60
56
59
60
60
60
61
56
63
60
57
57
60
59
60
58
59
60
59
60
60
60
57
59
58
62
59
59
62
57
59
58
57
58
63
60
57
62
58
62
59
63
62
63
56
58
57
60
63
61
58
58
59
59
58
63
61
61
57
59
61
59
59
58
59
61
60
59
61
59
57
61
61
57
61
56
56
64
56
60
61
62
62
61
56
56
57
61
59
57
62
59
60
56
61
62
58
58
61
61
63
62
62
57
56
59
60
56
59
60
59
60
62
57
57
61
60
57
56
62
60
62
60
60
63
59
59
57
62
60
57
60
58
59
60
61
58
60
60
63
63
59
58
57
60
59
61
62
59
59
62
62
55
63
57
60
60
59
61
58
61
60
63
56
60
62
59
63
58
60
60
59
58
60
62
61
58
60
58
59
57
62
58
59
61
57
61
60
56
60
62
57
58
59
60
60
72
70
62
63
68
61
67
63
63
69
63
68
67
68
70
62
67
71
66
67
60
63
62
67
63
68
63
71
69
62
64
67
68
64
68
71
66
65
65
69
65
67
72
68
60
68
62
65
61
64
63
62
64
66
68
69
69
68
63
70
72
69
66
67
60
67
67
66
70
68
64
64
68
61
73
63
68
74
65
66
68
69
73
66
70
73
69
61
71
62
72
62
70
65
69
63
74
64
69
65
67
67
67
62
72
67
67
74
58
72
65
70
66
68
66
68
72
60
67
68
71
63
70
68
66
67
67
69
62
66
67
64
69
69
71
61
61
74
72
70
70
64
66
61
59
68
68
70
64
69
64
69
66
71
62
73
68
64
64
60
67
64
67
70
66
70
66
68
62
64
72
67
63
70
64
63
59
69
61
67
64
66
68
71
60
71
71
61
66
71
64
66
61
60
68
64
67
59
69
60
69
72
64
72
68
67
64
62
65
69
69
68
66
68
65
75
63
70
69
67
68
68
64
68
68
70
65
70
64
66
61
67
65
69
71
68
71
62
65
66
69
73
71
65
66
61
68
60
62
66
67
66
70
67
65
70
66
63
69
74
67
74
63
61
74
67
69
64
66
64
68
67
66
68
66
67
65
63
66
70
72
61
71
67
62
68
61
62
64
65
70
62
63
66
63
66
66
64
68
68
74
70
69
67
62
69
66
66
60
63
68
65
66
66
68
69
70
62
70
65
69
59
75
67
64
73
63
67
60
66
69
65
70
61
69
65
68
66
70
65
66
71
60
69
70
67
62
64
65
68
67
64
72
65
67
65
70
71
63
74
73
69
68
65
66
68
66
61
63
68
65
69
66
64
68
66
63
61
69
59
65
70
68
63
70
59
68
73
71
60
66
64
65
68
61
64
71
62
70
67
67
64
68
67
60
64
64
63
71
64
66
70
76
64
66
64
67
62
62
66
66
67
64
67
70
62
62
70
67
69
67
69
70
68
70
65
65
65
68
64
67
63
58
67
67
70
61
67
67
70
65
62
68
64
64
68
75
68
63
67
67
71
70
65
65
70
69
72
65
69
61
65
64
69
71
66
67
62
69
66
63
73
71
69
67
69
65
66
70
62
63
58
65
61
64
68
62
70
62
67
69
64
62
70
71
66
71
67
58
64
71
57
66
70
74
69
62
66
70
66
65
65
60
68
66
68
67
69
63
71
68
60
67
66
64
67
69
66
65
65
67
68
74
62
66
73
70
67
66
63
63
64
67
70
63
65
62
74
73
65
64
72
67
72
70
65
69
69
59
74
60
67
70
69
66
69
68
64
70
70
65
67
65
61
65
65
67
67
66
65
66
68
70
66
66
65
70
69
69
65
68
73
70
67
62
65
65
71
60
71
69
65
63
63
67
74
59
70
68
70
69
70
67
66
69
61
64
62
64
73
69
65
66
64
64
73
63
63
64
64
70
70
66
70
66
69
66
67
66
67
72
70
64
64
72
62
62
68
71
67
75
81
87
93
99
103
105
105
102
104
105
106
106
106
105
104
105
104
104
104
106
103
101
106
104
103
104
104
105
103
106
106
105
101
102
104
103
107
102
106
106
106
102
104
104
103
106
106
106
108
105
103
105
105
102
103
104
104
106
104
103
105
103
103
107
102
106
104
106
102
105
103
108
104
106
104
103
107
103
107
104
107
104
104
103
104
104
103
104
103
102
104
105
106
103
108
105
106
101
102
106
104
104
103
105
110
107
104
101
98
95
92
90
86
83
79
77
73
71
69
63
67
62
58
66
62
65
65
66
60
62
64
62
68
63
58
68
66
64
64
68
65
67
66
69
66
60
67
69
69
69
63
64
64
57
68
63
63
62
66
59
70
62
66
62
63
58
60
61
66
65
66
63
67
64
65
61
64
67
54
62
64
61
63
59
61
64
68
66
61
58
61
67
63
60
64
65
63
71
66
65
65
64
64
62
65
64
64
68
64
63
66
67
60
66
60
64
66
61
67
63
71
69
65
68
66
66
64
63
68
60
68
62
62
66
65
63
73
67
68
64
64
64
65
68
67
67
64
60
65
65
69
66
68
57
65
66
69
59
67
54
67
62
68
61
63
61
65
62
71
65
62
70
66
67
67
66
68
67
69
71
65
69
57
62
69
68
65
61
64
66
60
69
65
66
60
67
65
70
62
63
57
59
57
59
63
61
60
55
58
61
62
60
60
59
58
58
58
57
55
58
60
57
58
58
59
56
62
60
58
58
60
61
56
63
59
61
59
58
62
59
58
63
60
60
59
60
63
58
60
59
60
56
60
60
60
58
58
59
57
54 110