62
61
59
61
60
60
60
58
57
60
57
57
58
59
61
59
60
60
59
56
61
56
59
59
61
59
58
60
60
59
60
61
60
57
62
59
60
57
58
61
59
60
56
59
64
59
59
59
60
59
57
57
60
59
59
61
61
61
59
57
59
59
59
61
59
59
64
60
57
63
58
56
59
60
61
59
61
58
60
59
59
54
61
59
61
65
63
60
62
59
61
59
60
62
59
64
59
63
61
62
58
59
62
60
60
59
60
59
58
57
61
61
60
58
59
58
58
54
59
60
60
58
59
58
58
62
58
63
59
60
58
62
59
63
56
60
58
57
58
59
57
56
58
58
58
58
60
58
58
60
62
59
61
56
62
62
60
58
59
59
61
56
60
59
61
58
59
61
57
57
60
58
61
58
61
61
59
59
62
61
61
59
59
60
58
59
58
58
60
62
62
61
58
62
57
58
60
60
57
59
59
61
62
58
60
62
58
64
59
65
59
58
59
58
60
61
61
60
57
59
61
62
59
62
57
58
61
63
59
64
60
59
61
62
60
57
57
59
61
61
59
58
60
60
61
60
63
63
62
57
60
61
60
61
60
58
56
59
63
59
57
59
59
64
59
61
59
59
62
60
59
59
57
61
57
59
60
56
62
60
57
60
61
54
58
61
61
61
59
60
58
61
61
60
60
56
59
59
60
63
58
59
57
63
61
61
59
59
62
60
63
64
60
60
60
58
62
57
61
58
60
61
59
59
61
57
57
63
59
59
60
63
62
58
60
60
59
61
60
63
65
58
59
59
59
61
60
60
60
57
55
61
58
59
59
62
59
55
56
58
58
61
62
58
59
60
58
57
60
59
62
59
60
62
56
61
59
56
59
59
60
59
62
60
62
62
59
60
63
57
58
58
58
61
59
61
61
59
57
56
60
59
60
64
57
58
61
60
61
61
57
58
62
60
58
59
61
60
59
57
63
65
71
70
63
72
70
64
61
64
72
63
69
68
64
62
68
64
67
64
61
68
61
69
58
62
73
71
60
62
72
62
68
68
62
73
62
62
68
68
62
67
64
71
65
65
67
67
65
64
70
65
72
63
69
66
64
65
70
68
74
70
62
67
63
64
68
65
67
70
69
66
63
65
67
64
62
64
64
68
64
63
66
68
71
62
67
70
61
73
67
65
67
66
67
65
69
65
66
65
70
69
66
78
65
68
60
66
69
71
68
73
67
69
71
64
67
73
67
68
66
68
70
71
66
69
65
67
69
69
66
65
68
67
67
66
73
69
67
69
62
63
66
69
59
69
68
72
67
61
69
66
67
67
63
68
64
65
70
66
66
62
69
59
70
69
70
60
70
72
72
64
68
66
65
66
67
65
66
71
66
72
58
65
74
67
65
59
72
68
62
69
67
76
71
69
70
68
66
64
66
69
64
66
67
70
75
62
75
56
65
67
63
64
68
69
66
70
72
67
64
71
65
71
66
70
72
70
63
69
67
68
66
64
69
68
67
71
68
67
74
70
68
61
71
70
70
69
67
67
65
67
70
67
67
68
57
71
66
72
65
69
72
69
66
61
68
69
66
70
63
67
66
71
61
67
69
68
60
68
71
63
70
66
66
66
68
68
66
74
65
59
68
67
64
62
66
69
65
62
66
65
68
66
69
69
64
67
64
69
65
77
69
67
64
73
67
76
64
71
70
69
68
71
67
60
70
65
68
67
66
71
67
62
77
62
66
68
63
64
71
73
66
67
70
68
66
69
63
69
64
72
71
69
69
65
69
70
62
64
63
69
63
60
67
70
68
68
66
70
65
64
64
69
67
65
69
70
65
65
57
69
66
69
70
69
64
73
69
63
70
66
63
70
73
72
68
65
62
72
63
66
60
68
70
62
62
63
59
66
64
68
63
66
69
73
72
68
66
62
70
68
57
65
63
69
62
70
65
67
63
70
70
67
67
61
65
73
65
66
64
67
65
62
71
57
67
73
70
67
70
58
64
66
69
64
69
69
61
64
68
65
67
67
65
65
71
69
71
70
66
72
68
65
71
66
68
60
65
68
63
69
66
67
62
68
67
68
62
67
64
70
69
65
66
66
66
63
65
63
65
64
69
64
71
59
65
71
65
72
64
68
67
71
67
66
71
68
70
61
61
63
65
67
71
63
63
68
70
69
66
66
64
67
65
64
64
63
63
68
66
65
71
69
70
61
67
57
61
67
64
68
71
67
71
66
63
73
74
70
71
65
65
66
69
71
65
67
65
69
66
65
66
65
68
66
67
65
63
70
67
63
61
60
60
65
65
66
68
64
65
59
67
71
67
65
72
66
69
65
66
69
63
66
66
71
58
61
76
66
68
70
66
65
63
64
68
71
68
61
69
66
74
67
70
66
71
68
63
71
62
66
71
69
62
70
64
61
64
67
70
71
65
59
65
60
74
65
63
66
69
71
70
65
68
70
72
72
68
65
75
81
87
91
98
107
105
103
101
104
104
106
103
106
105
103
104
102
104
105
106
103
106
106
104
103
107
103
105
106
101
104
104
104
105
103
106
104
105
104
106
107
104
103
105
105
103
104
103
106
104
105
102
105
105
104
103
103
105
107
103
103
106
102
103
103
104
104
103
104
102
107
106
101
105
105
106
104
104
104
106
104
106
103
105
104
102
102
107
104
107
103
104
104
107
104
105
103
103
102
101
107
104
107
104
110
108
104
102
98
95
92
90
86
83
80
77
74
70
68
63
63
62
64
64
64
61
57
61
68
60
70
65
63
63
64
63
68
62
66
64
61
69
61
63
71
64
70
66
64
65
68
66
67
62
67
56
58
64
65
67
69
62
66
64
66
64
60
70
60
71
64
65
66
64
64
62
63
65
64
60
64
63
60
63
61
63
65
65
61
63
67
59
64
63
62
66
67
66
70
62
63
66
68
63
62
64
66
63
70
63
61
71
60
62
58
63
61
63
64
65
64
64
69
59
68
73
64
67
62
62
67
61
66
65
70
69
63
64
67
66
62
65
64
69
66
61
68
63
68
69
61
65
63
66
63
63
63
56
59
65
63
58
63
58
65
71
67
61
64
65
64
66
70
65
66
66
69
65
67
66
59
68
65
61
66
64
62
66
66
63
64
66
64
67
65
65
66
68
70
62
59
58
61
61
59
58
59
62
55
62
60
60
61
63
60
58
60
58
60
56
58
58
60
60
57
59
59
61
59
59
62
56
58
58
59
58
61
62
55
56
59
59
59
59
57
62
56
59
59
58
60
62
61
58
59
57
57
62
58
54 110