59
61
62
61
56
59
61
60
61
56
60
62
61
58
63
64
57
64
61
60
62
62
61
60
63
58
62
57
58
55
60
61
60
60
59
57
61
62
59
61
59
58
61
57
58
60
61
58
63
63
62
61
56
63
62
62
57
58
59
61
62
60
59
63
60
57
60
59
62
54
60
58
58
61
57
56
61
59
59
58
62
57
61
59
60
62
58
60
61
56
60
57
63
59
60
61
59
60
60
60
58
57
61
56
58
57
56
60
62
58
60
55
59
60
57
57
58
57
58
61
58
60
58
63
60
61
58
57
59
59
58
60
57
62
60
58
59
58
60
59
59
60
61
60
59
57
60
60
59
62
60
59
57
60
57
60
59
57
60
59
61
60
60
59
59
59
57
62
57
59
60
59
62
57
58
57
61
59
57
60
59
59
59
58
61
57
60
61
60
58
61
61
61
61
56
61
58
54
63
61
59
61
58
57
62
67
62
60
60
61
59
61
58
60
57
59
60
57
60
62
59
56
58
59
59
59
61
55
62
59
61
58
62
59
58
61
59
60
58
61
57
59
62
61
62
58
60
60
58
63
57
61
56
58
62
59
60
58
59
59
58
58
60
56
60
57
55
60
63
64
62
63
58
61
62
60
59
58
57
60
58
60
63
62
61
57
63
61
60
63
61
62
57
57
58
60
58
59
54
59
57
63
60
59
60
57
59
59
59
58
62
64
61
60
59
60
62
60
57
58
59
61
58
62
58
59
59
56
60
61
59
58
62
57
63
58
63
58
61
60
60
56
59
60
59
60
59
59
59
58
59
62
57
59
59
60
64
59
57
60
59
59
61
59
57
60
62
59
58
60
58
58
59
61
58
60
60
62
59
59
60
62
58
60
60
57
60
57
62
58
58
59
58
64
59
57
59
58
60
58
57
59
56
63
60
59
60
58
57
59
61
62
58
62
60
60
62
60
59
61
69
70
71
72
65
70
67
78
60
64
60
68
67
65
65
70
68
70
73
75
65
66
68
64
59
72
75
66
66
69
68
70
66
62
61
60
59
62
67
64
62
72
62
68
67
63
65
65
65
64
66
64
67
55
67
67
64
66
61
65
72
64
65
64
59
66
69
70
60
60
63
59
60
66
59
69
68
62
66
62
60
67
64
69
65
68
66
69
73
67
69
66
67
69
66
72
68
77
65
69
67
66
71
71
64
67
66
63
60
66
69
69
70
65
63
62
66
68
60
74
68
61
63
70
69
66
71
61
71
66
69
62
67
58
67
64
74
63
67
67
72
60
70
64
65
62
70
63
67
64
68
67
65
69
69
68
71
67
60
66
72
68
65
71
74
72
63
66
73
68
66
63
63
64
64
66
66
71
66
62
63
70
65
68
71
68
66
67
66
68
66
69
63
57
66
66
69
66
68
70
68
68
68
65
66
69
71
67
69
66
64
68
69
68
69
67
66
69
73
67
65
67
68
70
70
65
62
67
70
70
67
67
71
65
68
64
62
68
65
64
58
69
71
59
66
70
60
73
71
69
64
64
69
64
64
72
67
68
72
65
65
67
59
65
58
72
61
69
66
72
67
62
63
64
64
63
71
65
62
64
67
62
65
66
63
64
66
70
65
65
70
68
70
61
65
73
70
71
65
67
69
63
67
67
57
71
63
63
69
72
66
66
67
68
63
69
72
65
65
67
69
66
63
76
61
69
62
65
70
67
68
63
58
65
65
63
65
66
70
69
72
69
63
72
70
68
66
70
68
66
70
70
71
69
66
62
70
61
65
65
67
64
63
62
72
70
73
69
66
65
63
62
60
71
66
69
62
70
68
63
69
65
66
65
69
64
67
65
70
69
63
63
64
67
65
74
63
68
68
72
66
67
64
67
65
66
65
68
63
63
58
65
65
64
69
70
64
66
62
69
63
61
71
65
68
70
69
65
70
68
68
69
67
72
68
72
68
72
68
64
65
63
63
64
66
66
74
67
71
67
59
64
67
70
67
70
69
64
70
64
63
70
63
74
62
68
68
66
73
64
73
69
74
65
57
64
67
65
65
71
70
72
66
60
71
65
74
71
70
67
72
66
64
68
67
70
68
69
68
73
71
68
70
72
70
65
63
71
65
59
68
70
67
62
68
69
62
65
68
67
57
64
65
64
62
64
66
65
68
63
63
64
71
69
64
67
72
63
63
68
66
65
61
65
70
70
67
71
56
70
70
72
70
63
64
72
63
72
60
62
66
62
60
68
65
73
64
72
68
67
60
70
70
65
64
59
71
59
64
65
70
63
66
66
69
66
71
72
69
72
71
67
68
71
71
64
68
64
62
72
70
69
67
70
61
69
71
63
66
67
63
65
64
71
69
73
69
69
64
71
76
64
63
63
64
67
69
65
64
61
63
68
76
65
65
69
68
62
63
67
64
69
64
65
64
65
63
66
65
71
72
63
67
69
70
67
65
73
70
62
75
81
88
93
99
105
105
105
106
105
104
105
104
104
105
106
106
103
103
105
106
103
106
104
102
104
105
105
104
102
104
102
106
104
103
106
100
105
104
105
105
105
101
107
104
102
103
108
104
104
105
104
105
103
105
105
106
104
104
104
102
106
107
105
104
105
105
106
106
107
105
103
105
107
104
105
106
103
103
102
104
106
107
103
103
105
104
105
107
105
102
105
103
104
103
101
105
106
103
106
104
106
102
103
106
110
108
104
102
98
95
92
89
86
83
81
77
74
70
68
65
60
63
62
63
66
65
60
63
62
68
65
65
68
69
68
67
60
66
72
69
66
67
66
68
67
63
61
63
70
69
64
62
61
61
63
66
67
61
56
63
63
65
63
67
71
65
62
65
62
69
64
66
69
60
64
65
67
65
70
66
62
63
60
71
61
60
66
60
62
63
64
60
66
61
61
61
65
67
59
59
59
66
65
62
63
67
68
66
58
67
61
67
65
66
67
68
71
59
66
64
64
62
70
65
58
63
62
65
65
64
65
65
65
68
72
60
65
67
70
64
71
65
61
65
63
66
62
64
66
67
61
72
66
66
64
62
61
61
63
61
63
63
67
63
61
67
64
61
64
65
63
60
63
59
64
65
66
60
58
67
65
65
70
67
62
59
64
66
60
61
58
59
68
67
63
66
65
64
68
60
58
59
60
60
59
60
61
60
60
60
58
60
58
58
55
59
59
63
56
63
61
58
56
61
59
61
64
57
58
61
60
61
55
60
61
56
62
59
60
63
62
60
58
58
57
63
62
62
56
61
64
57
59
61
59
58
59
62
59
54 110