59
57
61
56
57
59
60
62
61
63
60
59
62
62
61
61
58
53
62
58
62
62
63
57
58
64
60
61
60
59
60
62
57
58
59
59
58
57
62
60
61
59
63
56
59
59
60
60
58
60
55
58
58
61
59
62
61
62
61
61
60
59
62
58
62
58
60
61
62
62
58
60
64
59
58
61
68
55
61
62
59
61
58
57
58
56
58
61
61
58
58
59
61
56
56
62
57
59
58
58
60
57
58
62
63
57
58
61
61
64
59
55
60
61
62
59
58
56
58
58
62
60
59
62
63
58
58
59
58
60
59
56
58
59
59
60
56
60
58
59
60
54
61
58
61
63
60
61
58
59
58
59
55
61
59
59
59
60
57
61
62
61
58
60
59
60
62
60
59
59
60
56
62
59
59
59
60
61
61
58
56
58
64
59
62
59
63
58
62
60
60
62
61
61
59
58
58
64
62
56
62
60
65
60
61
57
58
60
56
60
57
58
59
59
59
57
59
60
59
56
57
56
59
61
61
61
58
59
60
57
58
58
58
62
59
59
58
61
57
56
57
61
60
61
60
61
62
59
61
60
61
58
59
58
58
59
61
59
58
59
59
62
60
62
57
59
61
58
64
61
58
61
59
58
60
63
62
64
59
59
58
60
59
60
56
59
63
61
62
57
58
62
56
60
59
60
61
57
58
58
64
57
63
60
58
60
57
56
58
61
62
59
60
58
56
61
62
58
58
61
58
61
57
59
60
59
58
58
60
61
57
60
57
59
60
58
61
57
59
60
56
59
58
59
55
58
65
60
60
60
60
63
59
61
61
62
56
57
60
57
58
58
62
60
60
61
61
60
57
60
56
60
64
62
59
60
54
61
61
62
58
61
58
60
60
60
58
61
59
58
61
61
60
60
57
60
59
59
60
63
59
59
61
57
59
59
55
62
61
56
59
61
61
63
61
59
60
59
59
58
70
62
63
60
70
66
63
70
65
63
65
67
71
62
68
65
68
60
68
65
69
64
67
67
62
65
66
65
56
63
68
70
64
63
64
68
69
66
64
66
71
66
66
69
67
71
71
64
74
61
66
66
65
72
65
67
69
68
70
62
68
65
62
73
62
66
70
68
68
64
67
72
64
75
67
63
72
67
67
67
69
66
66
66
64
63
62
61
65
70
67
69
70
71
66
67
61
71
63
62
62
67
68
66
66
71
70
67
69
58
68
67
61
70
64
68
68
66
68
69
65
70
69
61
64
73
68
66
66
63
63
63
67
65
67
64
55
71
62
71
67
64
74
70
66
66
69
69
65
66
68
65
64
64
69
69
71
68
65
66
65
70
66
67
70
67
62
67
70
72
68
71
70
66
71
68
73
61
66
71
67
72
66
70
64
68
65
63
70
70
60
66
65
64
69
72
62
71
67
71
70
60
71
66
64
60
67
65
71
72
73
65
66
64
65
66
70
72
67
66
65
72
66
69
61
63
67
71
70
71
62
64
70
63
66
64
60
69
63
60
64
69
65
71
64
70
55
73
67
67
58
70
64
63
67
62
67
67
65
69
63
63
61
74
71
68
69
63
67
69
72
64
70
72
72
61
61
72
67
67
67
67
68
69
68
67
71
66
66
72
66
65
62
67
62
62
72
68
58
63
64
67
65
71
64
63
72
67
69
64
72
60
57
65
64
75
67
69
66
64
67
64
73
68
74
66
66
63
66
62
68
65
69
70
71
68
71
70
64
65
75
69
68
64
66
70
70
70
67
67
65
63
67
63
75
66
68
68
60
71
59
70
66
62
68
66
69
65
69
70
66
72
67
69
64
64
66
61
72
67
64
67
67
67
62
67
69
68
63
63
62
64
68
65
68
70
59
61
68
65
65
75
61
72
68
61
74
66
66
69
64
61
70
65
68
60
66
67
69
65
67
69
69
65
67
59
69
69
76
62
65
62
69
68
68
73
69
62
66
65
67
68
69
66
70
70
65
67
69
63
69
68
73
68
70
69
67
62
64
62
70
64
62
59
67
67
66
69
67
67
73
65
70
67
65
69
70
70
67
68
70
62
67
66
72
64
72
66
64
69
69
68
66
70
67
74
70
67
65
72
67
70
68
65
66
63
63
73
68
65
65
67
66
64
63
61
65
65
67
65
67
67
63
69
68
72
70
66
68
66
68
70
65
66
74
66
68
68
73
68
75
62
69
71
60
67
72
63
67
70
67
71
65
69
64
68
68
70
65
62
73
67
63
70
68
64
61
71
65
65
65
68
71
69
75
71
65
66
68
62
66
71
66
68
65
68
69
57
70
73
69
64
68
72
67
62
68
75
67
66
70
72
60
64
72
59
65
70
65
60
72
62
73
72
69
66
61
63
69
65
74
61
72
63
72
65
71
67
65
62
65
72
68
63
70
68
63
62
70
71
67
69
69
58
64
62
65
66
65
65
71
69
69
68
69
65
61
63
65
66
75
80
87
93
99
104
105
107
102
104
106
103
103
104
102
103
103
106
106
107
105
104
105
105
103
104
107
105
106
103
103
106
104
104
103
105
106
105
106
103
103
104
103
105
104
103
104
104
106
102
103
106
103
104
103
103
106
105
104
107
105
104
107
103
105
104
104
104
104
105
107
106
105
106
105
108
105
103
104
105
105
106
105
109
104
107
105
104
104
104
103
104
103
102
104
106
105
105
103
106
105
104
103
106
105
110
107
104
101
98
95
92
89
86
83
79
77
73
70
68
64
65
65
66
68
65
63
61
65
61
60
58
68
67
68
65
68
69
58
62
61
66
70
67
63
59
66
62
53
67
65
65
65
66
63
63
71
68
60
67
70
67
63
72
61
65
59
64
67
64
63
62
57
69
65
64
68
60
65
67
62
63
64
65
66
62
64
60
65
75
66
70
68
69
69
65
58
61
60
64
68
58
64
58
66
67
65
69
67
65
65
68
69
60
64
62
70
58
70
66
66
59
64
70
64
60
64
67
64
63
65
64
69
67
62
64
57
68
61
63
63
65
70
67
67
70
62
63
59
70
69
64
67
62
72
63
65
66
61
67
61
68
67
62
67
67
64
67
62
63
63
66
58
70
68
65
71
61
65
61
70
63
67
64
71
67
64
63
62
64
68
62
68
67
67
60
63
66
67
66
61
63
62
60
60
65
57
56
59
58
60
60
63
60
60
58
58
55
60
61
58
58
56
63
59
60
64
57
58
53
60
61
58
60
60
53
61
60
59
59
58
58
58
60
65
59
59
61
62
58
59
58
59
57
59
56
63
59
61
58
53 110