58
58
59
60
59
62
58
58
60
56
58
57
57
61
61
57
60
60
61
59
59
59
58
57
60
60
63
60
62
55
60
60
60
62
61
58
59
61
56
56
60
61
60
59
56
58
58
64
60
60
55
60
58
60
61
59
56
57
61
58
59
58
59
59
60
62
61
57
61
56
60
59
60
61
55
61
60
58
59
60
59
59
59
56
60
64
59
60
61
56
61
58
57
57
62
60
60
61
58
60
57
58
60
60
59
58
59
57
58
61
61
60
60
60
58
61
60
60
57
53
59
61
59
60
60
59
61
59
56
56
62
56
62
56
58
62
60
58
61
59
64
65
62
60
62
60
60
62
57
58
57
60
60
58
60
57
63
61
59
61
63
59
59
57
56
59
60
58
60
61
59
58
60
63
57
62
58
60
56
58
62
61
61
55
61
58
60
58
61
58
59
58
62
58
58
61
58
59
63
60
60
58
60
61
58
60
61
58
59
59
59
60
59
61
63
60
57
60
63
56
62
61
60
54
61
58
61
58
59
59
58
61
55
62
55
60
60
59
61
58
59
61
59
59
61
60
58
60
60
62
58
57
60
61
58
59
62
59
59
61
57
61
60
59
57
58
61
57
59
60
61
60
62
60
58
60
60
61
62
62
59
60
58
61
58
58
60
60
56
58
60
55
59
61
59
58
59
60
60
60
60
61
62
59
63
58
58
59
62
61
58
59
59
60
59
61
62
58
58
60
62
63
59
59
59
63
59
60
59
59
61
61
62
55
61
59
58
62
57
56
58
62
61
61
58
60
60
58
59
61
60
64
56
60
59
59
62
60
61
59
60
55
61
58
58
60
59
59
61
60
61
59
58
59
62
60
58
58
60
60
61
58
58
58
59
58
59
62
59
60
57
62
57
61
57
58
57
61
58
61
60
62
61
61
58
62
60
61
60
60
58
58
59
62
60
56
57
55
59
59
75
64
71
66
65
69
68
65
68
60
68
68
68
60
66
70
63
69
63
62
68
59
62
72
71
69
68
65
66
71
67
68
65
63
65
72
63
69
73
68
63
66
75
61
66
66
62
59
67
65
66
70
65
65
64
60
69
66
66
67
61
69
63
72
61
65
75
71
67
67
70
68
72
65
65
69
71
63
71
63
65
69
67
62
70
68
66
68
64
66
63
68
70
66
69
70
70
63
68
70
69
70
61
65
65
59
61
66
72
64
66
69
59
65
66
66
65
75
67
63
68
69
65
69
64
64
66
64
69
65
66
62
71
71
70
72
61
73
69
68
66
71
71
69
67
60
67
65
68
70
66
64
69
65
68
66
67
69
63
62
65
69
71
68
69
61
66
67
70
65
69
65
63
68
63
69
66
61
59
67
65
69
71
65
72
67
70
61
64
66
70
59
68
64
71
67
65
66
73
65
63
64
64
62
70
71
63
66
71
72
64
66
65
64
67
65
66
66
64
70
63
65
64
69
70
68
66
68
68
60
60
61
64
64
65
72
66
67
72
68
69
68
64
66
65
71
63
65
59
65
70
66
65
68
68
69
69
57
63
69
66
62
67
65
68
66
73
68
68
60
64
66
72
64
66
67
69
66
65
67
72
60
71
62
71
64
62
71
67
65
58
65
66
65
62
68
69
64
64
71
68
71
64
70
68
65
64
67
62
71
69
69
66
69
68
62
68
63
68
71
65
65
63
71
66
66
65
65
68
66
62
67
71
69
66
64
62
68
62
69
67
65
67
67
67
65
59
74
70
68
61
68
68
66
69
68
67
72
64
66
64
71
70
68
65
70
67
65
65
67
63
59
66
66
68
63
62
65
71
60
70
70
64
70
61
67
66
76
70
58
64
64
69
70
68
68
74
67
61
70
69
63
64
66
66
72
72
63
73
70
67
68
68
69
67
67
71
65
66
63
68
72
66
63
63
62
72
63
68
67
62
67
68
65
69
69
68
64
63
66
67
70
63
72
61
65
64
67
67
66
63
61
69
62
63
62
70
63
63
67
65
68
66
70
62
70
66
64
62
72
63
69
68
75
63
61
70
67
68
62
65
70
68
66
59
65
64
62
68
67
63
62
68
66
69
63
68
71
68
68
67
72
72
65
66
65
70
67
73
61
68
67
64
66
73
66
70
66
66
61
66
71
70
65
63
64
67
60
63
72
65
66
59
73
70
67
69
62
65
62
66
72
62
67
71
61
69
71
70
70
70
66
69
72
71
68
67
65
69
65
67
75
67
68
72
69
67
60
62
68
66
72
66
60
66
65
68
66
66
68
66
63
64
66
63
62
69
68
68
71
66
71
69
65
66
62
65
54
62
69
76
81
86
93
99
103
104
106
106
107
103
103
110
102
103
106
105
105
103
106
107
106
104
105
104
104
106
102
103
104
103
103
105
104
104
105
102
105
105
104
105
106
105
103
102
105
106
103
106
103
103
103
103
104
105
102
102
106
103
107
104
106
105
102
105
108
106
104
105
107
105
107
103
107
105
105
105
104
105
106
104
103
105
103
102
104
104
105
106
105
105
105
105
108
105
108
101
103
107
103
104
103
105
107
105
110
107
105
101
96
95
92
90
87
83
81
78
75
72
68
61
68
65
65
62
66
66
63
66
68
68
71
63
64
66
60
66
65
73
67
62
70
63
66
62
66
64
60
62
67
63
58
63
64
70
60
76
70
60
68
67
69
68
68
60
54
65
63
71
66
65
62
68
64
66
66
60
67
67
70
68
65
66
63
66
68
60
64
72
61
74
61
63
57
65
58
62
68
62
62
64
60
68
61
67
63
67
70
63
63
67
64
66
67
67
64
63
67
64
60
65
66
70
67
67
64
63
61
65
62
65
64
70
72
63
64
67
59
63
69
60
63
70
61
70
61
65
64
66
64
64
64
62
67
64
66
70
59
67
64
68
59
63
70
66
60
59
70
65
63
62
60
65
65
63
58
59
56
65
69
69
71
68
66
66
63
63
69
59
60
67
62
64
68
64
60
67
67
63
67
64
58
68
62
60
63
62
66
66
59
63
58
62
60
64
64
66
64
60
62
68
66
63
69
67
63
66
59
61
66
60
57
64
64
68
57
59
64
65
62
64
64
66
68
67
67
69
70
66
66
70
63
62
68
67
70
62
68
63
61
56
55
57
61
63
60
60
60
60
58
59
61
62
60
61
60
58
59
60
58
56
63
60
57
58
62
59
62
60
60
61
61
58
59
59
59
57
57
61
58
57
55
61
60
60
63
61
58
60
62
61
59
55
56
61
58
64
61
63
61
53 110