60
57
58
55
61
58
56
55
60
62
59
60
55
56
61
57
61
58
59
61
59
62
58
62
61
57
60
60
59
60
58
60
61
57
57
56
59
64
60
54
59
58
62
59
62
60
61
61
60
59
60
59
60
55
61
60
60
58
62
61
60
60
59
62
58
60
57
61
59
58
56
62
60
62
61
55
60
61
59
57
65
56
58
59
57
60
59
60
62
59
60
60
62
59
62
58
58
59
58
60
57
59
58
56
60
58
59
63
59
57
58
61
61
58
61
59
59
62
60
60
58
55
63
57
57
60
61
59
60
58
58
62
60
59
59
63
60
57
58
61
62
60
59
56
57
60
61
57
59
60
60
59
61
60
60
60
64
60
64
61
62
59
56
60
57
60
61
58
61
57
60
63
53
60
62
57
63
57
56
60
59
61
63
60
60
60
57
57
60
60
59
63
60
58
59
57
59
64
60
57
55
61
59
63
61
57
60
64
59
62
59
58
56
60
62
60
59
59
60
59
60
62
57
57
58
59
56
56
58
61
57
61
58
58
60
61
56
60
60
56
59
62
57
59
59
58
59
57
57
60
60
60
56
60
59
62
58
59
59
53
61
59
60
58
62
54
60
61
58
55
62
60
62
61
57
61
57
58
58
57
65
56
63
58
58
57
61
58
61
58
62
59
59
59
55
55
60
59
62
59
61
60
58
61
56
58
62
56
63
62
60
61
57
56
62
60
61
59
60
59
60
60
59
59
58
60
63
58
59
57
58
58
59
59
61
58
59
61
59
59
59
63
58
58
60
61
63
59
62
61
56
61
55
57
58
59
61
59
63
62
59
57
58
56
61
62
60
60
60
61
59
58
60
61
63
58
59
59
60
55
59
61
59
60
59
60
59
60
60
57
57
55
64
59
60
60
59
61
60
63
56
60
59
60
59
59
61
57
61
59
59
63
58
58
59
60
61
58
59
58
65
66
72
69
64
72
63
67
64
67
63
72
60
69
66
66
67
72
70
65
71
69
59
74
64
73
64
67
72
65
63
69
61
66
64
71
62
67
68
71
68
67
64
65
66
69
71
69
71
68
64
74
72
71
71
62
64
64
65
63
63
69
64
65
69
64
65
67
74
68
66
69
64
71
70
69
66
71
63
68
65
63
72
71
63
65
64
66
71
64
72
66
66
70
66
67
61
72
65
63
67
67
63
70
67
62
68
69
64
69
65
65
67
65
65
65
69
63
66
63
65
63
70
68
62
72
65
68
56
67
66
66
70
64
68
68
66
64
66
64
77
74
71
69
72
71
70
73
71
73
65
67
63
64
75
67
67
74
65
60
66
66
69
71
57
72
70
74
64
63
66
65
68
69
67
62
66
68
68
70
65
68
67
62
76
64
65
62
72
65
63
63
77
71
70
67
65
66
60
72
69
71
59
63
65
63
68
65
70
63
67
65
68
75
72
67
68
66
66
65
72
67
58
69
68
64
69
71
62
71
71
69
68
69
66
69
69
71
70
65
61
65
70
69
69
64
66
60
64
60
67
65
66
71
69
72
65
70
79
64
69
67
65
69
67
65
67
69
63
74
70
65
64
70
66
74
68
62
68
68
62
70
63
67
63
68
75
64
71
68
66
63
67
67
72
70
64
70
54
65
70
64
66
69
67
69
61
74
66
62
68
70
69
71
64
71
64
65
70
64
65
71
64
67
62
68
68
66
71
68
66
67
70
65
63
64
65
75
70
64
66
69
69
67
69
66
69
63
65
66
72
73
67
69
68
68
66
64
64
62
64
61
65
65
68
64
67
67
67
68
69
64
65
66
65
69
64
61
73
64
69
62
65
66
67
69
63
64
69
71
64
69
65
63
67
68
67
63
68
61
69
69
64
65
65
74
68
68
61
72
66
64
66
71
66
71
71
67
69
70
68
70
67
67
62
62
61
64
63
68
65
65
63
67
64
71
68
66
63
66
69
64
67
67
69
67
70
67
68
68
66
68
63
61
74
65
68
67
72
67
66
71
66
69
67
64
64
62
66
66
70
67
68
65
67
66
74
66
64
65
72
69
64
68
74
71
68
65
67
76
73
70
66
63
68
64
65
67
60
65
65
64
69
65
66
68
70
75
68
65
67
75
64
60
71
68
69
69
64
68
64
64
60
63
66
64
71
62
66
63
66
67
69
67
61
67
66
73
66
66
73
65
64
65
62
65
68
69
68
61
66
65
61
64
66
62
61
69
71
65
71
68
67
69
63
62
72
67
64
71
67
64
68
62
72
62
65
66
67
66
65
69
65
66
67
67
67
65
67
63
66
70
67
69
70
66
67
68
70
68
75
80
88
92
99
106
106
104
103
104
105
104
106
101
102
103
104
105
103
106
106
105
105
105
103
104
103
104
105
107
106
105
105
105
104
102
103
103
102
105
105
102
104
103
106
106
104
104
104
102
105
103
105
101
101
106
105
103
103
105
103
105
105
106
105
102
108
104
106
106
105
105
103
103
103
103
106
103
103
107
104
103
105
104
106
106
105
102
105
105
104
104
106
103
106
106
105
104
108
103
104
107
106
105
104
110
107
103
100
97
95
93
89
86
83
78
77
74
71
68
66
69
61
62
61
67
66
60
63
67
63
62
64
61
61
65
61
62
61
67
65
66
69
66
65
63
67
62
60
60
55
59
70
64
64
66
64
62
64
62
63
61
66
61
65
71
67
59
64
69
61
67
60
71
65
61
63
64
69
67
67
60
71
70
68
61
66
63
65
62
65
66
71
65
62
62
62
67
68
63
64
66
68
65
56
67
59
65
65
69
66
60
67
65
63
67
69
67
66
66
64
65
63
64
59
63
69
72
69
62
66
67
59
64
66
66
71
59
67
65
63
63
53
66
64
68
69
63
65
62
63
67
65
64
62
65
65
62
61
57
67
63
65
58
62
62
60
65
59
62
68
64
59
64
61
63
65
61
64
59
67
63
63
66
64
57
59
69
61
68
60
64
70
68
65
70
67
63
62
65
62
65
67
62
60
65
66
63
59
64
61
69
64
72
58
67
62
71
61
63
69
63
66
62
62
66
57
70
66
66
62
56
62
61
59
60
62
71
68
63
67
70
64
62
64
66
68
63
65
73
64
66
61
63
70
65
72
72
67
59
58
58
58
63
64
60
59
57
58
61
62
61
59
60
59
58
58
60
60
60
64
59
59
56
64
60
59
62
59
64
58
62
62
57
55
55
57
56
56
62
58
56
62
62
59
60
62
60
55
57
62
60
57
59
60
58
60
62
60
60
53 110