61
57
59
58
59
61
59
56
59
61
55
57
59
56
61
59
60
60
63
61
59
62
58
56
56
56
59
60
61
61
58
62
60
61
59
60
55
59
59
59
61
58
58
61
57
60
58
59
60
59
60
57
59
61
58
57
60
60
60
56
58
59
62
65
62
59
59
57
60
60
57
59
58
62
62
59
58
56
57
58
58
57
59
63
62
60
58
63
62
60
64
64
60
58
57
61
58
58
57
59
56
60
60
60
63
61
58
59
60
58
61
57
57
60
57
61
59
57
61
62
56
63
59
60
61
61
60
63
62
62
60
59
61
59
57
57
61
60
61
59
61
58
59
57
57
60
56
60
56
57
58
61
60
61
60
61
60
59
62
58
62
57
58
56
57
56
61
57
58
59
59
59
59
57
59
59
63
61
58
56
59
61
58
59
59
56
58
60
60
63
59
59
62
61
58
57
58
61
58
60
59
61
63
60
61
57
63
56
62
59
61
63
62
58
61
62
61
61
61
64
63
58
59
59
60
61
58
58
59
59
60
59
58
59
63
61
61
62
63
57
61
63
63
62
60
59
58
60
61
57
61
61
59
60
57
60
59
59
57
62
61
58
58
58
60
57
64
61
60
59
58
57
60
59
60
56
61
58
60
62
61
62
61
61
59
64
59
61
60
54
61
59
61
55
60
56
58
57
60
59
59
61
60
63
60
63
63
59
62
57
61
59
61
60
62
58
60
61
61
61
59
60
59
60
58
58
62
61
59
58
63
60
58
63
62
58
60
56
65
62
63
61
59
56
62
61
59
60
60
58
63
65
61
58
59
59
59
59
61
61
60
62
61
62
60
63
56
59
56
58
59
59
59
57
60
62
60
58
60
59
61
61
56
56
60
62
59
59
62
58
63
58
61
61
64
58
56
57
63
62
64
59
58
60
63
60
60
59
58
60
61
60
61
59
60
59
62
60
56
64
65
67
69
62
68
72
66
63
65
69
68
63
62
64
71
73
63
68
68
60
59
67
62
64
68
68
70
66
69
66
67
67
65
67
64
71
63
73
61
68
65
71
67
66
66
66
63
66
62
72
66
71
63
64
67
63
64
72
74
73
59
62
72
71
65
67
67
63
72
68
63
68
67
70
61
66
69
71
68
62
68
69
67
70
62
66
69
66
62
74
64
69
71
62
63
69
64
66
74
70
72
70
60
72
64
58
66
65
67
62
67
68
65
62
70
57
73
74
61
68
63
73
64
60
72
66
69
66
66
65
66
68
69
67
65
69
60
63
65
66
69
67
68
64
70
67
66
71
65
69
68
58
67
70
62
60
64
67
70
60
75
66
68
57
66
63
66
66
67
66
61
69
63
66
69
72
65
73
65
66
63
70
68
72
72
67
71
64
63
78
67
68
66
64
66
68
68
64
66
63
76
62
65
68
72
60
62
73
64
67
69
65
62
63
61
67
68
64
70
70
66
67
68
74
68
70
60
70
64
69
63
69
70
64
72
57
66
62
65
63
69
68
67
65
61
71
62
63
59
70
65
72
69
69
66
61
73
61
68
71
63
70
74
65
66
68
69
65
65
71
64
65
65
66
71
65
75
68
72
66
69
66
62
68
67
72
70
62
66
63
67
76
73
61
68
62
67
67
67
67
70
65
63
68
62
63
61
69
66
64
69
64
65
73
69
59
69
69
69
58
65
64
64
61
64
69
64
64
63
66
66
71
64
71
58
68
68
65
79
68
67
67
64
64
64
65
67
68
68
67
69
61
64
62
69
70
65
60
72
68
68
67
63
69
70
67
69
65
70
62
69
59
62
65
65
69
68
62
63
67
69
69
67
67
68
62
67
67
75
67
62
67
66
73
68
63
61
64
69
68
74
69
62
64
67
66
74
68
65
62
69
72
68
62
68
65
69
68
65
63
65
65
67
68
70
64
62
72
66
69
71
61
64
74
68
64
63
71
65
69
66
68
66
66
67
72
70
72
67
70
65
65
67
69
73
61
69
67
68
67
65
65
66
66
66
68
67
70
68
67
67
66
68
62
67
68
69
65
63
62
62
66
76
62
69
70
63
66
64
71
66
68
66
62
71
66
66
64
65
64
61
64
65
71
65
69
63
72
64
67
63
67
65
70
69
68
69
64
64
63
65
68
64
68
65
74
68
62
62
69
69
63
57
71
66
71
70
65
65
68
65
60
63
67
67
71
68
64
58
67
71
64
68
72
62
66
57
62
64
65
63
65
67
69
65
70
69
68
66
64
67
69
68
66
68
69
67
66
68
70
65
73
66
71
65
68
68
73
65
62
63
67
64
67
70
71
63
71
67
74
63
69
68
72
61
71
67
63
60
68
71
64
62
68
64
66
65
70
68
71
69
66
68
63
62
66
65
67
66
68
74
65
64
65
70
67
73
64
61
64
63
62
67
68
61
70
67
64
64
69
61
61
67
71
66
69
65
63
67
64
75
81
87
94
99
104
103
104
104
105
104
103
103
104
104
105
105
106
105
105
101
107
104
102
104
102
104
104
103
104
104
105
101
103
104
106
106
105
106
105
103
104
103
103
104
104
105
105
102
107
106
104
105
104
105
103
103
102
106
104
104
105
104
105
103
103
104
105
107
104
106
106
103
108
106
102
105
104
104
106
105
104
103
106
103
106
104
107
107
108
104
105
103
106
107
106
105
105
104
102
106
103
105
101
105
110
107
104
101
98
95
93
88
86
82
80
77
74
71
67
59
61
62
70
66
64
62
65
63
71
66
60
65
64
68
67
61
61
64
67
64
65
70
65
68
62
64
64
63
64
70
60
69
70
60
63
68
69
68
62
64
64
61
63
70
65
68
62
60
64
67
63
61
65
64
63
67
60
69
67
64
62
65
57
61
65
62
67
69
64
69
71
55
70
70
58
68
69
61
68
70
67
62
67
61
66
68
63
64
67
64
61
64
65
64
66
64
67
68
68
69
63
63
58
62
72
62
59
66
67
66
57
63
62
64
66
60
62
69
68
62
63
64
64
67
65
68
61
65
66
63
66
61
65
64
60
61
60
63
69
61
62
63
60
65
66
66
62
65
68
69
63
64
62
60
60
68
67
64
64
62
70
62
67
61
67
63
66
64
62
62
66
61
65
72
67
61
67
65
67
58
58
56
62
58
58
58
58
59
57
59
59
57
62
59
62
59
61
60
59
59
58
60
61
62
57
59
61
60
60
59
59
61
58
57
58
58
61
61
62
58
59
60
58
61
56
56
58
62
63
57
57
62
61
62
59
60
60
59
55
54 110