61
58
60
62
61
62
57
62
63
61
61
56
62
60
60
62
59
58
62
63
56
54
56
57
56
61
57
63
61
61
58
59
59
61
64
57
60
59
62
59
57
63
60
58
60
61
64
59
60
60
57
59
61
59
55
62
57
57
61
61
60
56
59
62
61
61
60
59
59
60
59
61
62
57
60
59
63
58
58
59
59
56
59
61
59
59
58
60
59
66
64
59
58
64
60
61
63
59
62
54
59
61
57
57
63
58
60
57
56
58
61
58
61
60
63
57
58
61
59
57
61
62
60
59
59
58
58
61
58
59
60
60
57
59
61
63
61
58
58
60
58
58
58
60
60
60
59
61
60
58
63
57
59
57
60
58
59
57
62
61
63
56
56
59
61
58
60
60
62
57
58
58
64
60
62
61
59
59
59
59
61
62
57
61
60
56
58
60
62
64
64
61
60
62
57
61
59
60
57
58
57
59
59
58
60
60
60
60
61
61
61
60
60
60
58
61
58
61
60
56
62
58
55
57
59
65
59
58
59
57
58
56
61
62
61
60
62
60
58
61
58
61
58
57
59
55
59
57
58
62
56
59
62
62
60
61
62
60
57
60
60
57
59
57
59
61
58
63
59
60
56
64
60
58
60
61
58
60
60
55
60
59
63
63
60
60
60
61
60
58
60
61
59
59
59
59
58
63
58
57
58
62
60
57
59
61
58
60
60
59
59
60
60
61
61
60
57
60
62
57
60
60
56
55
60
59
59
57
57
60
60
62
58
64
60
56
58
59
61
60
62
56
61
62
59
59
59
60
60
59
59
61
59
62
61
60
58
57
60
59
60
61
59
55
58
61
60
56
59
60
58
58
60
61
55
59
60
60
61
58
59
59
60
61
57
62
57
59
60
60
63
61
59
60
59
60
62
59
59
58
58
60
61
60
61
64
63
63
61
63
61
57
63
60
60
59
57
60
54
61
64
64
67
64
65
69
72
61
70
70
69
64
58
66
66
65
71
66
61
66
69
73
70
68
67
72
66
69
64
65
66
68
66
69
57
68
70
72
59
67
65
65
60
63
64
65
64
65
66
62
61
70
61
63
65
68
69
66
66
64
72
69
67
66
66
65
66
71
68
63
70
67
71
62
66
68
70
67
68
62
68
67
66
70
68
60
66
65
65
65
67
63
65
65
66
59
66
61
69
72
66
66
67
62
72
68
67
65
60
73
70
70
66
67
70
64
65
64
67
65
65
61
71
62
66
68
66
73
69
62
66
68
72
63
69
64
64
67
68
67
64
68
65
66
67
67
66
72
71
70
64
68
68
64
64
64
63
71
73
66
69
72
62
63
63
71
60
61
68
73
65
62
62
63
69
67
67
68
59
66
64
68
59
64
72
63
72
62
69
74
60
65
67
71
67
68
63
67
65
74
73
68
70
66
66
61
67
69
70
64
65
62
66
64
71
67
65
69
67
76
69
63
66
66
67
71
68
65
68
64
63
61
71
65
72
72
68
68
67
66
68
65
57
67
67
65
63
61
63
66
72
64
68
70
67
70
69
63
63
68
65
65
68
59
66
64
70
61
67
70
65
64
67
70
64
64
65
64
65
63
61
65
67
67
64
65
64
67
65
69
67
66
62
64
64
66
72
71
65
66
71
66
71
74
70
65
62
67
64
68
65
70
62
70
63
69
66
65
66
66
67
70
62
65
65
63
64
64
65
67
70
67
57
68
62
67
71
61
62
66
64
70
67
70
63
66
64
68
64
65
62
62
70
66
66
68
69
66
64
66
69
70
64
72
72
59
62
65
67
64
69
64
65
69
69
70
78
71
68
71
66
62
66
64
66
61
74
68
67
68
65
68
69
64
64
63
64
66
69
68
64
58
61
67
63
65
65
62
64
72
64
64
68
59
66
70
67
65
65
64
60
62
70
68
63
71
67
75
69
61
70
67
67
66
66
64
62
63
68
65
64
77
66
65
66
69
70
71
66
66
64
65
70
61
68
63
69
69
71
68
67
64
63
66
63
66
69
72
69
73
63
73
68
64
71
68
71
72
60
69
68
66
65
62
70
76
70
68
72
66
70
70
64
65
65
65
70
65
69
67
72
68
65
63
70
66
64
69
66
63
63
61
63
63
66
69
61
66
62
65
71
67
71
69
66
66
61
69
64
64
67
66
69
64
66
64
70
66
72
62
72
61
63
71
62
66
64
66
67
61
65
62
68
65
66
70
65
63
74
61
70
67
67
64
66
66
68
67
71
65
65
66
64
68
64
70
66
61
66
66
62
68
65
64
64
62
69
67
66
69
70
73
65
74
73
65
64
69
70
67
75
81
87
93
100
104
103
103
103
105
106
102
106
102
105
106
103
103
105
106
106
101
105
106
104
105
105
106
106
104
106
105
105
107
105
102
103
104
106
104
105
105
102
105
106
104
107
107
105
105
102
103
106
103
102
102
105
106
106
105
105
104
103
106
108
102
106
103
106
104
104
104
105
104
104
105
102
106
105
104
103
105
107
105
104
103
103
103
105
104
105
105
106
106
105
106
105
104
108
102
103
105
104
106
105
110
107
104
101
98
95
92
89
85
83
80
77
74
70
68
63
67
65
64
67
68
69
69
63
63
62
71
64
65
66
67
67
67
61
64
61
64
65
67
60
63
67
67
70
65
66
65
62
62
66
61
61
63
62
63
57
63
55
58
67
64
67
68
66
58
67
69
67
68
56
60
69
63
64
60
63
58
65
65
63
66
62
61
64
67
62
63
67
62
59
61
64
62
68
66
60
63
62
59
64
64
64
68
58
67
63
63
61
67
65
66
62
66
63
70
65
64
64
64
63
69
65
66
61
59
61
59
62
65
63
64
65
62
62
62
64
64
64
63
68
70
61
63
69
67
65
68
64
67
69
55
64
64
65
66
64
66
67
70
67
61
66
65
72
64
66
68
69
63
73
65
70
70
63
68
71
70
65
68
66
68
68
61
66
65
58
60
60
63
64
75
62
70
64
63
67
62
66
68
67
69
67
71
73
69
68
63
65
68
66
67
69
68
66
61
65
63
61
61
60
70
65
68
65
63
65
60
62
62
63
61
62
63
63
63
61
67
62
59
58
73
65
66
64
63
66
69
64
62
65
61
69
58
63
59
61
58
64
59
60
61
61
58
60
61
56
62
62
61
60
58
58
60
57
54
58
61
61
60
58
62
60
57
59
60
58
63
59
59
58
61
59
65
58
59
58
63
59
61
57
57
60
59
60
60
54
58
58
62
57
58
58
62
62
60
54 110