58
59
61
61
62
60
60
58
59
61
59
60
59
59
59
59
60
56
61
59
60
58
59
62
58
60
60
60
61
55
62
62
58
64
61
57
59
59
60
59
56
61
59
61
62
59
63
61
61
59
58
61
60
59
62
59
56
58
58
61
64
61
61
60
63
59
59
58
58
61
60
60
60
62
57
58
55
60
60
63
60
60
58
54
60
56
61
59
62
61
61
58
59
59
59
57
60
61
65
60
58
57
61
57
63
60
60
61
62
62
59
62
58
61
59
57
59
59
57
64
59
59
60
62
61
59
60
58
61
59
58
60
61
60
59
56
56
60
59
58
57
62
60
59
58
62
61
56
58
60
62
61
62
57
60
61
62
62
62
59
60
57
58
58
58
62
60
59
57
59
62
61
59
62
62
61
59
59
59
60
61
57
60
58
62
60
58
60
56
59
56
59
58
60
57
60
54
58
63
57
61
58
61
58
61
62
57
62
58
58
61
61
58
61
57
58
61
59
59
62
60
58
60
61
60
57
58
60
59
63
65
63
56
62
61
59
58
62
60
61
61
60
61
62
63
59
57
61
58
61
60
58
58
61
60
60
57
60
55
59
59
60
60
62
60
57
58
60
60
61
61
60
62
60
55
63
61
57
59
59
59
60
60
64
57
61
61
59
60
59
57
61
62
59
63
60
61
59
62
61
60
59
57
60
59
61
61
62
59
57
58
60
58
61
63
60
63
60
58
61
58
58
61
64
58
63
59
56
58
59
60
56
59
59
56
57
58
61
60
59
55
56
64
62
63
58
63
62
58
56
62
57
59
60
61
58
61
59
60
59
64
60
60
63
58
57
55
60
61
60
60
60
55
58
60
58
61
58
61
60
60
59
58
61
57
59
58
61
60
58
57
61
62
57
59
56
60
61
61
60
57
60
60
59
61
57
57
59
61
61
56
57
60
58
62
57
60
62
58
60
81
69
69
66
66
66
58
69
64
56
66
67
64
69
65
65
64
67
71
72
71
67
66
69
69
70
70
66
69
70
64
67
66
68
71
70
65
65
67
65
68
69
72
64
64
67
63
67
67
62
66
66
61
59
70
73
66
64
63
70
67
66
74
64
62
62
67
70
66
65
68
72
66
67
66
66
63
64
70
72
66
68
70
68
64
67
63
67
62
69
65
63
69
72
71
66
64
67
65
69
64
62
63
71
66
61
67
66
67
67
71
67
69
76
62
62
65
68
66
63
69
65
66
69
64
68
67
61
62
66
66
67
64
71
74
74
67
64
68
60
67
77
66
69
68
68
64
67
66
68
72
69
65
70
63
66
65
65
64
64
62
66
75
63
66
73
65
63
66
62
69
72
64
69
68
63
67
71
66
65
71
71
62
70
63
57
65
60
67
69
69
68
68
63
71
68
73
61
66
64
68
65
71
69
63
67
62
62
68
60
69
66
62
65
63
66
66
69
65
61
68
68
61
62
73
64
70
61
68
70
75
63
68
64
67
68
69
69
66
67
74
75
65
69
65
70
59
58
74
74
68
69
59
65
60
64
65
70
63
69
72
66
65
66
66
66
69
65
68
67
66
77
67
64
68
65
65
66
60
61
60
59
70
60
66
69
60
63
69
61
67
67
64
66
68
72
65
68
68
66
71
66
66
63
65
69
68
72
66
66
62
66
67
69
67
69
67
62
64
64
68
66
64
68
69
66
70
69
66
70
67
67
69
63
67
66
68
72
61
63
64
65
67
64
64
66
63
67
70
66
71
65
68
65
68
65
69
64
64
71
66
63
60
62
68
68
71
70
63
66
68
68
69
69
67
66
75
67
70
67
66
68
65
70
66
67
65
71
71
65
70
70
68
68
68
68
66
70
71
62
60
61
63
68
64
68
63
65
73
65
72
65
60
69
65
65
62
70
65
71
63
63
69
62
65
67
62
71
64
70
66
65
66
71
61
67
67
64
65
68
65
63
65
74
68
67
64
69
63
67
66
69
73
66
67
69
64
72
69
73
66
64
69
66
66
68
63
66
67
69
62
66
63
62
72
67
67
68
65
72
72
66
73
70
68
68
67
67
70
66
67
64
63
72
65
65
71
67
69
70
71
67
65
65
67
73
71
67
69
72
65
69
68
64
70
62
68
67
61
68
64
63
62
70
64
60
65
66
69
69
63
68
72
67
61
69
65
73
65
71
66
70
64
65
57
69
73
64
65
71
61
63
69
62
67
65
69
59
63
64
69
67
63
68
61
63
65
64
62
72
65
66
71
65
62
63
64
64
73
68
65
60
68
63
67
63
59
63
58
65
69
66
57
75
66
70
62
67
67
71
65
64
68
65
63
66
69
67
69
68
70
60
71
70
71
68
63
63
68
70
66
68
73
64
66
69
66
59
68
65
67
64
68
67
66
62
68
59
72
70
66
68
61
68
67
64
71
62
67
71
72
68
63
71
68
68
74
62
70
68
75
82
87
93
99
100
105
105
105
105
105
103
107
102
103
107
104
106
104
103
106
103
104
106
106
106
104
105
106
106
104
105
105
103
102
108
106
106
106
103
105
106
105
105
106
102
105
106
103
107
103
103
101
106
105
105
102
105
105
107
105
106
104
106
104
103
103
105
106
107
106
103
105
104
105
105
104
107
108
105
103
102
106
105
103
105
104
105
104
105
102
105
106
102
104
104
108
105
104
104
103
107
104
103
104
110
108
106
102
98
96
92
89
86
83
80
76
74
70
68
59
61
70
68
64
61
65
67
69
68
62
64
59
67
63
69
71
68
66
63
60
66
66
67
59
66
62
59
69
65
66
68
64
65
66
68
62
63
62
69
70
60
63
66
64
67
68
62
65
66
64
61
68
63
67
64
67
67
68
61
58
63
65
69
68
63
71
55
60
64
65
63
70
70
65
64
64
67
60
59
63
64
67
63
68
64
67
67
68
59
68
68
62
64
58
63
64
67
65
64
65
66
62
63
64
69
66
61
58
70
68
72
65
64
65
63
56
59
60
59
72
64
60
64
68
66
65
67
67
69
64
60
59
64
60
64
65
68
59
59
65
64
60
66
69
62
62
66
65
64
58
72
69
62
60
57
64
59
68
65
63
62
60
63
64
63
62
73
66
61
63
63
74
68
62
61
70
66
69
59
56
58
58
58
58
58
60
59
57
62
61
59
60
64
57
61
58
61
58
59
59
59
59
59
60
58
61
59
61
59
59
62
61
60
61
59
61
64
58
57
60
60
60
61
57
59
60
59
59
61
57
63
58
63
58
59
55
60
60
61
54 110