63
63
59
59
61
60
60
61
60
59
59
59
59
61
61
60
58
56
61
57
60
58
59
60
59
57
61
60
59
63
60
59
61
56
59
60
63
57
56
62
62
61
56
58
62
61
63
61
57
60
54
59
60
60
57
57
65
59
65
61
58
57
58
56
59
60
61
60
59
59
59
59
56
57
58
59
58
60
57
60
59
61
59
58
59
62
56
58
60
61
62
58
59
60
64
58
58
61
61
61
58
60
58
55
59
60
61
57
60
58
58
61
60
59
60
55
61
57
60
58
62
61
57
58
60
59
58
55
61
59
59
64
62
57
57
62
59
59
59
59
57
57
57
58
60
60
62
62
57
62
58
58
60
60
59
59
60
60
60
59
58
61
60
59
58
57
59
62
63
64
57
59
58
63
62
57
60
61
59
63
59
57
59
61
59
58
61
58
62
60
63
58
58
56
57
59
63
59
58
60
62
61
57
61
60
62
61
61
59
58
62
62
61
57
58
60
63
61
57
60
57
59
60
61
62
60
62
62
57
63
58
60
59
60
60
57
59
64
60
58
59
58
60
62
61
61
57
63
60
61
63
59
62
60
59
62
60
58
57
59
58
57
59
61
59
59
62
55
59
60
61
59
60
63
58
61
64
57
56
60
60
59
59
58
63
61
55
60
58
65
58
59
61
58
58
58
59
61
58
60
59
60
60
56
60
61
57
61
58
58
62
63
58
58
58
60
56
58
57
57
58
63
57
61
58
58
60
62
59
59
66
61
63
60
57
59
63
59
58
60
55
61
61
58
59
61
59
60
57
60
60
60
61
61
63
58
60
58
61
59
59
58
58
58
61
59
59
58
59
58
59
56
63
58
60
59
57
64
60
63
59
59
59
58
60
62
56
59
60
56
60
61
62
60
63
63
62
58
56
58
61
63
55
60
62
62
57
61
60
61
60
60
57
61
61
58
59
60
60
60
69
64
66
67
67
67
72
75
69
71
66
75
64
67
62
69
63
72
64
67
72
65
72
65
70
62
71
67
67
66
72
68
66
71
62
61
69
65
68
65
68
65
66
71
67
60
67
64
68
70
67
65
68
68
69
65
66
71
61
72
67
73
65
70
62
63
62
72
58
73
66
66
67
72
68
55
64
65
67
65
63
71
65
58
67
66
67
61
65
71
68
70
69
64
64
65
59
71
67
64
68
68
70
66
68
70
68
61
62
61
68
69
64
65
67
65
66
68
68
63
67
65
71
67
68
66
70
71
66
65
71
64
66
69
64
69
63
61
63
69
69
66
68
70
67
66
74
67
72
68
70
71
65
64
73
61
68
68
69
71
59
70
66
67
72
68
67
72
60
65
72
66
66
67
67
66
62
59
66
65
67
69
64
67
67
58
64
65
62
71
70
67
70
58
64
70
66
64
62
67
66
68
59
67
65
65
68
64
67
73
65
67
62
68
67
64
63
67
66
65
74
65
68
65
68
63
64
60
64
62
62
65
65
70
64
61
63
70
64
69
73
69
71
69
66
66
59
72
65
68
61
71
67
66
68
68
64
60
67
63
67
65
68
71
68
69
67
62
63
69
70
63
66
68
70
67
61
65
66
64
58
71
68
73
73
68
70
67
63
65
69
67
72
66
66
67
65
72
65
64
66
69
68
67
67
61
68
70
66
62
64
64
62
71
70
68
67
65
67
63
67
71
75
65
66
71
73
65
64
65
62
64
69
61
77
68
68
63
60
66
68
66
69
68
66
69
67
62
60
71
70
71
73
66
64
62
73
68
63
67
68
75
67
71
70
64
66
67
69
70
66
68
68
67
68
66
64
69
66
75
66
69
69
71
65
67
70
66
66
72
66
68
68
63
64
62
68
68
66
64
70
70
69
64
66
66
69
67
64
70
66
67
66
66
65
66
67
63
62
65
72
67
68
63
66
64
64
67
62
65
63
62
65
65
61
69
66
65
72
65
65
66
64
67
65
67
70
63
67
69
70
71
59
68
64
68
59
66
65
65
66
67
67
67
63
67
66
68
65
66
62
72
64
66
68
65
66
59
65
62
72
69
65
68
62
61
62
65
63
74
66
62
67
68
66
60
66
66
68
64
73
66
65
65
74
71
65
65
69
62
65
71
68
66
66
72
66
61
73
61
68
62
71
72
69
65
58
64
77
74
68
64
67
65
67
63
68
65
63
65
66
66
68
71
61
68
62
69
66
68
72
75
67
69
65
68
69
65
65
64
67
70
67
71
64
63
72
68
68
71
67
66
67
71
69
70
70
69
56
66
71
71
64
65
67
64
67
74
65
64
63
64
65
65
67
65
65
70
65
66
65
64
69
66
69
63
69
65
61
70
60
60
60
71
69
69
63
64
72
68
68
65
65
61
63
73
67
70
69
72
65
62
65
68
70
70
62
65
66
63
69
63
67
69
69
64
66
64
61
68
69
63
71
63
66
63
62
67
66
67
76
82
87
93
99
108
105
103
104
106
103
104
104
106
103
103
102
103
105
106
107
104
105
106
105
100
104
102
106
105
103
104
104
106
104
107
104
108
105
104
105
105
104
106
101
104
106
105
107
103
106
105
107
103
104
104
102
101
106
103
106
103
102
104
102
107
104
107
105
106
105
104
103
103
106
101
105
104
103
105
107
106
103
105
105
105
103
104
106
105
105
104
106
106
107
104
105
108
107
103
108
105
105
106
105
110
107
104
101
98
95
93
89
86
83
80
77
74
71
69
61
65
60
67
59
68
66
67
66
63
64
69
66
65
66
61
64
65
72
62
63
60
66
62
63
59
68
65
70
71
64
62
68
66
68
63
66
60
61
74
67
63
70
68
69
61
65
65
62
64
64
67
68
65
64
62
70
65
66
59
57
64
70
68
58
65
60
62
66
66
63
66
70
63
63
61
60
65
66
65
66
68
69
62
62
62
64
71
63
65
61
62
65
62
68
73
70
68
63
66
73
68
65
57
62
62
62
68
61
61
63
69
61
64
65
66
61
67
61
63
66
66
62
60
63
69
68
64
66
59
60
67
63
65
62
63
71
70
65
58
65
68
61
66
68
65
64
69
68
68
65
63
60
67
65
64
66
63
66
59
63
62
58
64
66
67
65
66
68
62
60
67
71
69
64
64
68
71
62
68
57
60
59
59
60
61
59
61
60
60
58
60
61
61
60
59
60
60
57
59
58
57
59
56
59
61
62
60
62
56
58
64
60
60
60
61
58
58
61
59
58
58
60
60
55
60
59
60
62
57
57
60
60
64
60
56
56
57
57
61
54 110