60
62
57
57
60
61
60
62
58
59
58
58
62
55
60
61
64
60
59
63
60
55
56
57
58
60
55
58
62
59
58
60
60
60
61
57
60
56
57
58
58
62
57
58
63
57
62
60
57
60
58
58
60
62
61
59
59
62
59
59
60
61
60
62
62
58
60
60
62
60
61
59
58
60
62
60
61
60
58
61
59
62
57
61
59
57
55
62
60
63
62
61
60
60
59
58
62
64
56
58
58
58
57
59
57
61
59
56
58
56
59
58
64
61
57
59
60
60
58
57
58
63
56
60
61
56
58
61
63
53
59
59
62
58
57
60
57
58
61
58
60
63
64
58
56
58
60
58
61
57
60
54
59
58
57
60
59
60
59
59
61
60
62
58
59
61
59
59
59
60
64
60
58
59
63
60
60
60
59
58
60
61
59
60
58
61
59
61
61
59
62
57
60
60
58
60
58
62
62
62
63
62
59
58
59
56
60
60
61
56
58
58
60
59
61
59
58
59
61
58
62
58
57
53
62
62
59
56
59
61
62
59
60
61
57
58
58
60
60
61
58
58
60
60
58
60
58
60
55
59
57
62
60
58
58
59
63
57
60
58
59
61
60
55
62
59
57
59
63
59
64
57
58
57
61
59
56
55
59
58
57
57
58
57
63
60
59
56
56
58
64
55
59
62
57
57
64
61
61
60
61
56
57
60
57
61
58
61
61
61
64
62
61
60
58
61
59
58
60
60
62
61
58
59
57
59
59
61
61
57
61
56
57
60
60
63
57
62
60
61
60
61
63
59
61
59
59
58
58
59
61
58
63
61
58
60
56
58
58
56
62
58
59
61
57
60
61
58
60
57
59
57
61
58
61
55
61
61
60
58
58
62
60
59
60
58
61
59
60
60
59
62
55
63
57
62
60
59
57
60
60
61
59
60
59
60
59
63
60
60
59
60
61
59
61
60
57
62
61
60
68
65
67
67
70
65
75
66
70
70
67
63
64
64
68
68
66
70
70
68
66
65
68
71
72
63
66
66
70
61
68
70
63
59
70
63
69
65
64
65
62
71
63
71
71
67
69
60
68
64
66
65
55
68
67
70
67
70
64
73
72
70
67
66
66
68
70
70
68
68
69
69
66
61
66
72
66
68
66
65
67
68
66
69
61
72
69
66
60
69
66
63
61
69
64
64
69
64
62
68
69
67
62
60
65
67
79
69
69
66
64
64
73
64
63
70
66
71
65
68
62
70
62
64
67
63
69
68
59
65
64
65
64
64
65
71
64
72
67
65
71
65
72
64
61
62
66
69
65
66
69
66
64
67
73
62
62
61
69
70
67
72
65
65
69
68
66
74
67
72
63
69
71
64
63
72
67
68
70
75
67
64
75
68
66
60
69
63
75
65
71
74
68
72
69
66
66
61
64
64
67
67
66
66
72
68
56
69
72
69
58
59
62
64
62
75
62
63
67
70
67
67
65
65
63
63
64
68
69
65
69
66
66
67
62
64
66
67
63
64
60
63
64
67
65
61
64
66
61
64
68
65
60
69
72
69
68
66
68
70
67
69
70
69
64
61
64
68
64
57
71
63
71
65
66
63
73
71
63
61
68
72
65
65
72
64
66
70
66
66
62
68
65
64
70
68
66
67
63
69
69
74
66
75
65
65
64
64
65
62
66
67
68
66
61
64
60
74
64
66
70
60
64
59
71
59
66
65
66
70
62
64
66
69
70
62
67
63
64
66
63
65
70
64
67
66
63
66
67
67
65
68
63
64
68
69
68
68
68
71
67
62
69
61
66
67
68
66
67
68
59
70
64
59
68
71
67
68
61
63
61
66
70
69
67
67
70
63
66
70
65
64
57
69
68
63
69
71
67
65
69
70
65
66
64
66
64
72
64
69
69
65
69
66
70
63
64
63
73
65
61
68
68
63
65
66
53
63
63
65
63
66
66
70
63
70
64
64
60
65
67
66
63
63
72
63
66
72
65
68
65
70
58
66
65
61
68
60
66
66
67
65
70
61
68
68
71
71
71
70
64
70
73
68
60
60
71
68
67
63
66
69
67
69
69
69
67
69
66
68
71
70
66
66
66
62
73
74
64
65
74
68
65
65
67
69
63
67
65
64
70
68
67
60
66
68
67
65
66
66
68
68
72
67
66
64
67
72
67
67
67
58
65
69
70
65
66
61
68
65
65
68
67
64
67
60
61
67
67
68
74
60
68
69
73
60
70
71
67
72
62
66
65
69
67
62
61
65
68
65
70
65
61
60
69
64
61
64
69
70
64
71
66
62
66
67
64
65
66
67
70
65
71
69
69
71
70
70
66
61
65
73
66
60
69
66
64
67
59
64
70
64
68
73
63
69
65
68
73
74
70
66
67
71
71
64
69
67
72
66
62
59
69
67
63
61
65
63
70
59
68
68
60
65
64
63
64
63
62
60
71
74
64
62
64
64
65
70
71
73
75
81
87
95
99
107
105
105
104
105
105
105
104
104
101
104
105
105
101
106
106
104
106
105
104
104
103
104
106
104
104
103
104
106
104
107
104
104
105
107
105
102
104
103
104
103
105
102
103
103
107
104
105
106
103
103
106
102
104
108
103
106
104
107
104
103
103
106
105
105
104
102
104
104
103
105
105
104
105
104
102
105
103
105
105
104
102
103
104
103
105
107
105
102
102
103
106
107
105
106
105
105
106
105
103
111
107
104
101
98
95
92
90
86
83
80
75
74
71
68
67
64
68
70
62
63
63
67
62
71
66
64
65
73
65
63
64
64
62
69
66
68
65
64
63
62
57
63
60
68
65
71
57
60
64
65
66
71
64
70
66
65
63
66
70
69
57
71
69
66
68
64
65
62
64
62
63
64
65
62
63
67
63
62
64
69
67
64
64
66
66
62
62
63
63
57
66
66
65
63
66
62
64
61
62
65
66
65
69
71
63
55
61
63
62
62
71
62
67
69
62
58
62
65
64
66
63
65
66
68
59
62
65
64
65
68
61
63
62
60
68
65
65
57
66
69
67
64
70
68
64
66
62
65
61
65
70
71
62
64
68
67
67
62
65
63
61
67
70
75
64
64
71
65
67
69
64
66
67
69
67
61
69
68
66
62
65
63
63
65
59
61
66
64
64
56
62
61
66
66
62
59
58
59
60
63
61
57
57
62
58
57
62
59
59
60
60
55
59
62
57
60
58
60
62
65
58
59
61
61
58
62
58
60
60
62
56
61
60
59
58
58
63
62
60
58
56
62
60
58
60
63
58
58
57
62
59
57
59
61
53 111