61
58
55
59
58
59
56
58
60
61
63
61
58
59
62
61
57
58
61
59
58
62
60
59
59
58
59
57
58
59
59
60
61
60
55
57
60
54
61
63
63
59
59
60
58
57
59
58
55
54
58
58
60
62
56
58
62
60
62
61
58
62
59
61
63
58
59
59
65
60
58
57
57
58
56
59
59
56
62
60
57
57
57
59
59
58
59
59
59
64
56
58
60
58
61
59
59
56
58
61
62
62
58
60
60
59
57
59
63
61
60
60
62
60
59
59
59
56
61
63
59
60
59
58
62
58
60
57
62
59
58
62
58
62
62
58
59
59
59
62
61
57
59
61
59
58
61
61
58
59
62
57
58
64
55
62
61
59
63
59
58
58
60
58
62
61
62
59
59
56
57
59
60
58
60
58
65
59
60
56
59
61
61
60
58
59
64
61
60
59
59
59
54
61
60
62
60
59
59
59
59
62
61
59
61
57
57
62
62
60
58
59
57
58
57
61
62
60
60
60
59
61
59
63
64
64
59
59
59
62
61
60
57
59
60
62
58
63
59
55
57
60
55
59
58
61
61
55
61
60
59
60
57
58
58
59
57
59
58
60
57
58
57
60
61
60
63
63
56
59
58
62
59
62
59
63
60
59
60
59
60
61
63
58
59
62
59
60
61
62
58
60
60
62
58
61
58
61
61
59
58
56
59
58
56
57
60
58
56
61
58
58
60
59
59
60
60
57
61
60
62
58
58
56
57
59
58
57
60
61
60
60
57
62
61
58
61
61
60
60
57
63
59
59
62
59
61
57
63
59
59
57
63
61
57
60
60
58
61
62
61
57
58
59
59
58
60
62
60
56
57
60
59
58
61
59
58
62
61
62
58
56
61
59
62
56
60
59
61
61
58
59
56
57
60
61
61
59
58
62
57
61
62
57
59
60
58
60
60
62
64
63
62
61
53
62
57
60
61
60
62
67
66
69
67
61
68
64
70
65
65
66
62
63
62
69
62
64
62
63
70
71
66
70
67
68
68
64
65
69
73
69
66
73
68
61
65
70
68
60
64
67
65
64
67
71
70
65
73
63
64
62
60
66
69
67
65
74
70
61
63
68
60
71
66
68
63
71
70
61
73
70
61
69
64
72
68
66
75
64
66
71
74
63
68
60
69
66
67
70
68
72
65
72
72
75
69
66
70
68
64
67
66
70
67
66
72
65
63
62
71
61
64
71
65
64
68
66
60
70
61
63
69
64
65
65
64
63
63
64
63
68
69
69
65
69
61
70
66
66
61
63
62
59
69
59
65
66
73
67
72
65
62
66
71
71
64
63
60
72
68
63
62
64
63
68
74
66
69
68
70
63
59
63
67
62
61
72
68
63
69
68
64
69
71
66
68
73
72
67
66
68
64
63
69
66
64
66
70
66
62
71
66
66
73
70
64
63
59
72
69
61
69
66
68
63
67
72
62
66
63
69
71
72
64
65
67
62
64
67
68
69
69
70
62
63
66
68
71
70
67
69
65
62
71
66
64
60
65
59
67
68
67
59
62
62
65
65
65
62
75
67
67
67
68
67
64
71
68
68
65
66
68
67
67
63
66
64
63
69
65
66
66
65
68
65
69
62
69
65
63
61
66
68
67
65
63
64
64
67
68
70
70
68
71
66
66
68
59
67
62
69
69
63
65
61
67
74
69
62
74
65
70
73
57
64
70
64
65
66
65
64
67
71
58
66
65
62
70
71
68
63
64
71
71
58
65
70
64
69
61
64
65
64
67
65
61
65
63
67
74
65
69
64
68
70
64
67
69
67
70
69
73
69
69
68
68
70
66
62
64
67
64
62
69
72
65
72
63
69
65
66
69
60
66
69
66
72
65
73
66
67
58
67
68
68
66
66
64
69
68
72
73
63
68
63
68
72
63
66
68
67
65
66
63
68
70
63
67
65
63
66
58
71
63
64
63
67
67
65
71
69
72
67
68
71
77
72
69
64
72
69
68
72
67
69
63
61
66
70
73
61
74
65
64
69
63
60
63
64
65
69
68
68
64
73
62
63
69
58
63
67
62
66
65
66
72
67
70
66
70
63
62
71
70
58
62
68
63
76
76
65
69
68
70
62
71
71
64
69
69
67
68
65
70
67
69
68
69
64
65
67
62
72
67
61
72
70
69
62
60
64
70
63
70
71
68
62
64
62
66
65
60
70
62
69
75
66
71
65
72
60
66
63
66
67
70
68
67
66
64
62
67
65
64
69
68
63
69
70
62
64
67
70
63
68
65
61
64
64
61
63
59
67
64
72
68
68
68
66
67
71
65
65
65
68
70
70
68
68
63
69
67
61
62
63
61
68
64
65
71
66
70
66
61
63
72
69
68
67
59
62
65
63
67
63
65
69
69
64
68
66
75
68
69
68
68
68
68
65
66
69
64
66
61
67
64
62
71
66
66
66
67
64
69
65
66
70
70
61
75
82
86
94
99
108
102
103
104
106
102
104
106
105
103
104
104
101
103
104
107
105
105
100
103
104
106
104
105
105
105
102
101
106
103
103
103
103
106
105
104
102
104
106
103
103
105
105
106
104
103
105
103
104
101
101
107
105
106
102
105
106
106
105
105
103
103
107
105
102
105
102
104
106
106
104
101
104
106
106
107
102
102
101
106
104
105
104
105
103
103
104
105
106
104
108
105
105
104
103
105
105
106
106
103
111
107
103
101
98
94
92
88
86
83
79
78
76
73
68
66
63
68
65
63
66
72
66
66
65
65
65
62
62
62
70
65
65
66
63
61
58
66
63
64
66
63
64
66
69
64
65
67
63
69
66
60
61
65
68
66
71
69
65
67
67
61
68
63
61
62
61
67
62
62
61
62
62
66
64
67
54
64
63
63
64
62
65
69
60
68
64
70
63
64
64
63
55
60
62
66
66
66
65
64
69
63
62
67
58
64
59
64
66
69
69
59
69
63
63
69
65
67
66
62
65
65
63
65
60
66
66
60
65
65
63
62
71
64
66
64
67
64
67
61
67
68
64
70
63
67
63
60
68
64
70
64
65
59
60
60
70
63
62
62
71
68
67
64
66
60
65
62
61
58
67
57
66
63
67
69
64
62
57
65
61
65
61
60
64
69
60
63
62
65
66
65
71
59
60
63
59
63
59
60
58
57
59
61
61
60
60
58
55
57
61
55
63
57
62
61
59
59
59
62
59
58
60
61
62
60
62
58
61
58
59
61
58
61
62
61
56
60
60
62
60
58
62
62
59
64
60
59
59
62
54
58
61
57
60
53 111